1 5
2 10
3 2
4 0
5 1
6 5
7 5
8 4
9 3
10 2
11 5
12 3
13 4
14 2
15 1
16 6
17 3
18 3
19 6
20 4
21 4
22 2
23 4
24 4
25 5
26 1
27 5
28 2
29 3
30 2
31 1
32 2
33 2
34 3
35 3
36 2
37 1
38 4
39 2
40 2
41 0
42 0
43 1
44 4
45 3
46 1
47 1
48 4
49 6
50 6
51 5
52 4
53 3
54 2
55 2
56 3
57 3
58 7
59 3
60 1
61 5
62 4
63 7
64 8
65 6
66 6
67 12
68 7
69 8
70 6
71 11
72 3
73 8
74 10
75 12
76 11
77 9
78 6
79 5
80 4
81 6
82 5
83 4
84 4
85 2
86 3
87 3
88 2
89 1
90 2
91 5
92 3
93 6
94 4
95 7
96 9
97 8
98 8
99 4
100 7
101 5
102 7
103 9
104 4
105 11
106 14
107 8
108 2
109 5
110 6
111 10
112 10
113 14
114 12
115 13
116 7
117 10
118 9
119 8
120 6
121 7
122 6
123 6
124 4
125 7
126 7
127 7
128 8
129 13
130 11
131 10
132 4
133 4
134 7
135 6
136 5
137 6
138 7
139 5
140 6
141 4
142 5
143 3
144 4
145 2
146 3
147 5
148 7
149 6
150 7
150 9
151 10
152 6
153 7
154 5
156 9
157 10
158 10
159 12
160 10
161 11
162 6
163 10
164 8
165 3
166 3
167 14
168 8
169 8
170 4
171 5
172 7
173 8
174 4
175 3
176 2
177 2
178 1
179 10
180 6
181 11
182 8
183 8
184 7
185 6
186 7
187 4
188 4
189 3
190 1
191 4
192 5
193 5
194 3
195 4
196 4
197 3
198 2
199 2
200 2
201 3
202 4
203 2
204 4
205 3
206 3
207 3
208 2
209 2
210 1
211 2
212 2
213 3
214 2
215 1
216 1
217 4
218 4
219 5
220 8
221 9
222 8
223 8
224 9
225 10
226 11
227 14
228 12
229 11
230 8
231 5
232 5
233 10
234 7
235 10
236 7
237 7
238 8
239 7
240 5
241 9
242 13
243 12
244 13
245 9
246 10
247 3
248 13
249 6
250 6
251 7
252 7
253 6
254 15
255 7
256 8
257 14
258 12
259 13
260 10
261 6
262 11
263 11
264 10
265 9
266 9
267 8
268 17
269 8
270 9
271 18
272 16
273 17
274 12
275 18
276 15
277 17
278 11
279 20
280 16
281 17
282 12
283 14
284 17
285 9
286 19
287 14
288 18
289 15
290 14
291 17
292 11
293 14
294 15
295 15
296 5
297 20
298 15
299 11
300 7
