1 1
10 2
100 1
101 5
102 4
103 5
104 4
105 7
106 4
107 5
108 2
109 5
11 4
110 4
111 2
112 2
113 3
114 3
115 3
116 2
117 1
118 1
119 0
12 5
120 2
121 1
122 4
123 0
124 1
125 1
126 0
127 3
128 3
129 0
13 1
130 4
131 7
132 0
133 3
134 0
135 1
136 1
137 4
138 0
139 2
14 1
140 4
141 3
142 3
143 3
144 1
145 0
146 2
147 0
148 0
149 3
15 4
150 0
151 0
152 1
153 5
154 2
155 2
156 2
157 2
158 0
159 1
16 1
160 1
161 0
162 0
163 1
164 0
165 0
166 0
167 0
168 0
169 0
17 2
170 0
171 0
172 0
173 1
174 1
175 0
176 0
177 0
178 2
179 0
18 1
180 0
181 2
182 1
183 1
184 0
185 0
186 0
187 0
188 0
189 0
19 3
190 2
191 2
192 0
193 0
194 1
195 0
196 0
197 0
198 2
199 1
2 1
20 1
200 1
201 3
202 2
203 2
204 1
205 1
206 1
207 2
208 2
209 0
21 4
210 0
211 0
212 3
213 3
214 3
215 2
216 3
217 3
218 5
219 4
22 2
220 4
221 3
222 3
223 2
224 0
225 2
226 1
227 1
228 1
229 2
23 1
230 3
231 3
232 4
233 1
234 5
235 4
236 2
237 1
238 1
239 2
24 3
240 3
241 1
242 4
243 3
244 1
245 2
246 2
247 2
248 1
249 2
25 1
250 3
251 5
252 6
253 3
254 3
255 3
256 1
257 1
258 1
259 1
26 3
260 3
261 2
262 2
263 2
264 1
265 2
266 2
267 3
268 1
269 2
27 2
270 6
271 4
272 3
273 3
274 3
275 3
276 3
277 3
278 3
279 4
28 2
280 3
281 3
282 3
283 4
284 4
285 1
286 4
287 2
288 1
289 3
29 4
290 4
291 4
292 4
293 1
294 0
295 2
296 1
297 3
298 1
299 2
3 5
30 5
300 3
31 1
32 6
33 1
34 2
35 3
36 1
37 1
38 1
39 3
4 3
40 2
41 3
42 4
43 3
44 3
45 4
46 4
47 3
48 0
49 2
5 2
50 4
51 1
52 2
53 2
54 4
55 3
56 4
57 4
58 6
59 4
6 2
60 3
61 4
62 2
63 5
64 0
65 2
66 3
67 1
68 3
69 0
7 2
70 1
71 0
72 1
73 0
74 1
75 0
76 1
77 2
78 2
79 1
8 7
80 0
81 0
82 0
83 4
84 2
85 3
86 2
87 1
88 4
89 3
9 4
90 6
91 2
92 2
93 5
94 3
95 4
96 6
97 4
98 3
99 4
